7.999829
7.999661
7.999485
7.999318
7.999154
7.998978
7.998805
7.998644
7.998477
7.998319
7.998157
7.997989
7.997817
7.997650
7.997480
7.997312
7.997149
7.996988
7.996817
7.996658
7.996488
7.996313
7.996148
7.995982
7.995823
7.995652
7.995486
7.995325
7.995161
7.995001
7.994837
7.994673
7.994498
7.994329
7.994176
7.994013
7.993847
7.993683
7.993520
7.993344
7.993179
7.993007
7.992839
7.992682
7.992517
7.992339
7.992180
7.992015
7.991840
7.991666
7.991492
7.991323
7.991155
7.990995
7.990832
7.990659
7.990493
7.990314
7.990149
7.989992
7.989836
7.989679
7.989518
7.989367
7.989198
7.989031
7.988878
7.988714
7.988544
7.988379
7.988200
7.988037
7.987877
7.987719
7.987543
7.987385
7.987217
7.987039
7.986870
7.986707
7.986537
7.986371
7.986213
7.986043
7.985870
7.985704
7.985534
7.985373
7.985211
7.985051
7.984887
7.984726
7.984563
7.984401
7.984239
7.984069
7.983912
7.983736
7.983573
7.983410
7.983234
7.983077
7.982917
7.982749
7.982582
7.982430
7.982253
7.982088
7.981933
7.981767
7.981602
7.981432
7.981259
7.981100
7.980925
7.980752
7.980584
7.980422
7.980256
7.980083
7.979923
7.979762
7.979593
7.979408
7.979234
7.979070
7.978896
7.978732
7.978565
7.978399
7.978233
7.978068
7.977898
7.977741
7.977582
7.977420
7.977250
7.977077
7.976907
7.976736
7.976561
7.976390
7.976228
7.976070
7.975912
7.975744
7.975577
7.975406
7.975235
7.975073
