3199.931550
3199.864370
3199.793954
3199.727077
3199.661746
3199.591338
3199.522012
3199.457547
3199.390854
3199.327417
3199.262755
3199.195724
3199.126867
3199.060181
3198.992014
3198.924606
3198.859637
3198.795205
3198.726937
3198.663195
3198.595270
3198.525361
3198.459086
3198.392698
3198.329006
3198.260622
3198.194578
3198.130015
3198.064284
3198.000291
3197.934646
3197.869046
3197.799358
3197.731762
3197.670217
3197.605183
3197.538969
3197.473383
3197.407991
3197.337578
3197.271715
3197.202877
3197.135663
3197.072615
3197.006869
3196.935798
3196.872155
3196.806096
3196.736034
3196.666301
3196.596974
3196.529092
3196.461816
3196.397858
3196.332808
3196.263477
3196.197362
3196.125472
3196.059768
3195.996881
3195.934225
3195.871498
3195.807036
3195.746726
3195.679140
3195.612376
3195.551009
3195.485644
3195.417504
3195.351796
3195.279839
3195.214667
3195.150663
3195.087403
3195.017119
3194.953975
3194.886854
3194.815498
3194.747832
3194.682733
3194.614741
3194.548385
3194.485321
3194.417287
3194.347964
3194.281582
3194.213794
3194.149243
3194.084507
3194.020430
3193.954963
3193.890292
3193.825327
3193.760459
3193.695514
3193.627589
3193.564651
3193.494306
3193.429068
3193.363850
3193.293787
3193.230900
3193.166751
3193.099613
3193.032861
3192.972197
3192.901089
3192.835321
3192.773092
3192.706639
3192.640802
3192.572939
3192.503768
3192.440024
3192.370023
3192.300981
3192.233441
3192.168690
3192.102439
3192.033356
3191.969173
3191.904715
3191.837209
3191.763296
3191.693501
3191.628192
3191.558572
3191.492863
3191.425856
3191.359480
3191.293081
3191.227243
3191.159082
3191.096596
3191.032719
3190.968048
3190.900137
3190.830695
3190.762743
3190.694305
3190.624228
3190.555891
3190.491035
3190.427935
3190.364971
3190.297415
3190.230718
3190.162301
3190.094160
3190.029149
